
% error:
% 20.8199	19.3029	15.5077	13.1628	11.3346	10.9953	9.3836	8.6422	8.7857	8.7394	8.1096	7.8269	7.8733	6.3893	8.9939	7.6477	7.0636	6.3244	7.5068	8.2467	8.6663	7.0805	8.1518	6.7596	6.1435	8.0765	7.3171	6.5393	6.3159	6.1495	7.4956	5.6075	9.1292	6.5956	7.8659	6.0912	5.9082	5.3894	7.6022	5.9134	6.9610	6.1022	9.7585	5.6967	6.1550	7.4696	5.6818	8.6923	6.4403	6.3924

% std:
% 7.4470	5.7222	3.2590	3.0885	3.6866	3.3077	3.4221	2.9887	3.8178	3.1613	3.0739	5.0324	3.4641	3.0486	8.0231	10.0376	3.2616	2.6490	12.5732	10.2525	12.5697	3.2536	15.6413	3.0939	2.8702	17.4229	9.5948	8.5214	2.5238	2.5877	11.0222	2.2741	25.2345	4.3793	17.6937	2.1801	2.0872	1.5989	11.4802	2.3265	7.3980	1.8010	22.1288	1.6006	2.6430	8.5767	2.2512	13.1523	4.3514	3.4736

% mean error (j, k):
% 33.8570	19.1976	25.4259	22.7258	22.5062	21.9650	24.3802	24.0484	24.2545	27.7393	23.5770	21.6784	17.4187	18.4666	18.1660	16.2942	17.8357	15.2928	14.9760	14.8066	22.7405	16.9992	13.9521	17.9852	12.1028	11.6503	12.3044	10.4472	11.5713	10.3696	34.1093	21.4858	18.3623	13.7806	11.3583	9.4713	11.6803	8.0713	8.3066	9.1245	25.9568	14.9803	11.9190	15.0315	14.4994	7.2343	7.5390	8.2051	8.1995	6.7318	29.8199	16.1029	10.9578	14.6773	8.2189	8.8353	7.4097	8.7251	6.7495	5.2722	22.5772	16.1133	7.8933	10.3626	6.7165	9.3936	9.8406	10.1631	6.3402	7.3467	21.1914	13.1374	14.0704	19.1949	7.9871	9.2258	11.6994	15.4633	5.8901	6.7865	21.2344	17.5468	11.6455	16.6804	11.0987	14.1900	12.4100	5.3336	8.3797	10.1820	17.1301	15.8976	17.7210	15.3633	11.0306	12.3549	7.0099	12.3768	3.5593	5.0597

% std error (j, k):
% 14.7966	3.9415	8.1298	5.9516	7.0281	6.6911	7.7008	6.3349	11.7368	12.3278	12.0174	8.6343	4.5127	7.2303	8.1751	3.1087	8.0034	4.1817	4.7894	4.8051	12.3338	7.9272	6.4218	11.1682	7.0288	4.1571	4.8972	4.5417	6.0038	6.7661	13.8603	13.7377	11.6863	9.5243	8.3277	2.5847	9.0250	2.9336	3.9151	5.3459	14.8002	6.6736	8.5108	12.2012	9.0245	3.5375	3.3744	8.1085	3.5369	2.8144	17.3637	13.7836	7.7643	15.3189	3.8028	5.2727	4.1238	8.5056	4.3289	2.2004	16.6509	14.4435	5.3767	7.7286	3.0161	9.4496	10.3257	9.8082	3.5723	7.5159	14.5556	11.6418	9.1788	15.7505	4.5175	7.8235	11.6125	15.2742	3.2184	6.5748	15.0887	14.6247	12.9057	15.9710	10.7145	14.2156	12.8497	2.8021	8.7681	11.5311	11.4339	16.9030	15.8503	14.7497	10.8725	9.7316	4.8327	13.6172	0.8847	3.7038

% mean error (k, j):
% 29.4882	21.8016	26.4363	30.3701	21.0378	17.7654	25.4223	21.9801	24.4503	31.9781	22.2003	21.7141	17.1949	18.4967	18.9813	20.2716	13.5872	16.4407	15.4008	17.4938	24.0252	19.9655	14.0758	15.0293	16.3465	19.0745	13.7891	12.1322	15.7460	16.8313	22.5127	17.4760	13.2824	9.8615	18.0030	10.1007	9.6212	10.0649	9.3013	11.0884	25.7523	14.2913	13.5696	13.3732	7.7408	9.9606	12.8902	12.4735	8.8708	15.1314	27.1405	16.5435	11.0717	9.6037	11.1904	6.6190	10.0905	9.0895	7.7309	15.8291	23.6952	15.2954	10.0301	9.8973	7.6332	7.5206	6.8565	8.9200	11.8912	15.5365	21.9178	15.3004	11.1482	9.3742	7.0570	6.0000	7.3680	9.4092	7.7808	6.2528	24.0369	14.6883	10.2741	8.3379	6.0084	12.1289	10.8468	7.1230	6.8913	9.7688	26.2428	13.2136	10.0245	7.8040	8.4394	5.4265	8.7251	4.7906	9.0654	14.0619

% std error (k, j):
% 13.7662	9.9068	16.3313	16.2127	14.2383	12.8135	16.0144	16.3039	14.8635	17.0284	7.4552	7.4443	8.4442	12.8563	12.0377	13.7343	11.8344	14.8172	12.7051	16.2628	8.1042	11.0470	9.7086	6.0406	14.6280	14.3770	10.0991	13.5438	11.6356	15.4956	8.9646	3.9188	5.2078	3.1779	13.8595	9.4034	5.2494	9.8419	8.8409	9.4020	10.3062	6.3313	6.2387	6.9269	2.4413	10.1001	13.8509	15.2876	11.5895	14.1478	9.7345	7.2169	4.1746	3.6824	11.1435	3.5961	7.1915	9.0851	5.0174	16.0879	7.6667	3.8605	3.5746	4.4793	5.2417	3.6954	5.7992	10.2419	13.9258	18.3144	6.3629	3.6478	4.0515	4.6868	3.8657	2.8089	9.9136	10.6213	9.6318	4.7288	7.9881	4.0069	4.6853	4.3835	3.1987	13.2805	13.2657	6.2990	10.2232	11.2286	9.4924	4.4147	3.3002	2.7206	5.3992	3.2894	9.0854	2.5375	12.2231	14.8969


% mean error (20) (k ,j):
% 29.6710	23.7523	25.6266	29.2940	23.3479	25.8629	30.0179	21.9372	29.4147	25.4589	28.1163	22.5926	28.2086	30.6492	28.2680	28.1654	24.2496	28.1513	25.7604	30.7346	21.9107	20.0378	16.1279	17.9861	15.2001	15.9452	13.0700	20.0708	21.2286	21.1676	17.3896	15.0554	17.6233	20.7145	17.8986	16.9793	21.7465	20.7154	19.9803	18.1978	27.2928	17.0178	14.4459	11.0349	13.9957	11.4159	20.6690	13.5678	9.9293	11.2627	17.0646	18.6884	15.8714	18.8447	18.7497	17.5886	24.1527	12.9964	17.7953	18.8464	21.8673	18.7010	15.4335	11.9263	9.3901	10.5808	15.1286	14.0121	14.7372	13.3320	12.0839	16.9825	17.9623	10.6382	13.2372	16.2262	15.5086	14.8465	17.5829	16.1278	24.9098	16.3644	13.4259	12.6529	12.3902	9.0606	10.1587	14.3620	12.3249	10.3889	15.4591	6.5460	14.9205	10.6928	10.7735	14.1332	12.5339	9.7459	9.5255	16.0326	23.8032	13.9770	11.6919	9.1287	8.7186	9.1633	12.3006	9.4911	10.3449	14.0525	9.8041	11.0194	8.7971	9.8253	16.4058	18.2280	10.3236	17.8347	13.9381	8.7072	30.7053	16.1928	11.5862	8.1032	9.7330	7.8508	9.3906	9.8646	11.8185	12.1185	8.6422	13.0846	7.9108	14.6755	8.7181	15.1127	9.3582	14.3908	18.9040	10.1984	25.1078	16.4592	10.6175	8.2863	9.9297	5.9127	6.8223	7.3035	10.9873	11.4135	12.5593	7.7013	8.8353	10.8532	10.7441	9.0352	7.5833	8.9250	10.3242	13.9995	23.5057	14.9275	10.7658	8.8830	7.4125	4.8892	6.6913	8.2812	5.4980	7.9929	11.3666	11.4517	10.0777	9.3048	6.7240	9.3588	11.4967	12.2585	3.8596	7.5046	26.1327	13.8890	11.6697	7.4774	7.0562	7.7646	5.4710	6.7743	7.5086	5.7116	7.3862	8.4704	8.9511	4.7936	11.7800	8.6676	11.3017	6.7873	8.2043	9.5118	25.7064	15.0038	8.6700	7.5569	9.6724	6.1576	9.1287	6.7742	6.9416	9.1337	8.8213	6.1432	7.3830	6.8476	11.1351	7.5917	9.4019	8.5266	5.6073	6.6270	28.0020	17.1539	9.1314	7.6482	7.7963	6.0470	5.0881	5.7308	8.4883	7.9726	5.9299	7.4901	6.7565	6.5331	8.4853	6.1565	6.2957	5.7505	5.0669	5.8663	26.6806	14.4781	10.0651	5.9427	5.6598	5.5701	4.7414	7.4766	6.4833	4.2540	7.8796	5.1406	4.9398	5.1428	7.7669	6.2638	5.1088	10.3180	7.3793	10.1431	31.2320	16.1826	8.5039	6.5681	5.2872	4.6746	4.6705	8.7908	5.3205	5.0181	5.4519	5.6114	7.8477	5.9798	5.7126	5.4511	8.2952	5.3248	5.6502	6.3740	29.9765	14.0521	8.0843	6.1680	4.5261	4.6490	5.2191	5.6687	4.9849	7.4218	4.4676	6.0994	4.2792	5.9832	4.8779	6.3859	5.6928	5.4888	5.0175	8.0341	28.8640	14.5738	7.9105	6.3600	5.1352	4.4077	5.5679	4.7869	3.5949	3.7410	4.9492	6.0590	5.6633	5.1105	3.7299	5.3517	5.8981	4.6924	7.9486	6.2751	27.7287	15.1990	8.7558	6.2396	4.9730	4.4337	3.7260	6.0448	4.1399	7.0948	4.2621	5.5735	5.0750	5.3375	4.4896	5.3182	3.7468	6.6128	4.3574	5.6875	32.7234	14.1343	8.5727	5.7726	5.2493	3.9371	4.3682	5.2217	3.6432	5.0863	3.3851	4.0236	5.5117	4.5993	4.4525	5.2762	3.4925	6.3570	4.0353	5.5421	30.8882	13.5754	8.0690	7.1680	4.7510	4.7613	4.3543	4.2714	3.7161	4.7579	3.6214	3.9063	6.0776	5.9222	4.6889	4.1374	4.8671	6.3863	3.6632	7.1799	29.8716	15.6813	8.6636	5.9241	4.2524	4.3596	4.2086	4.8807	3.6649	5.3060	3.5210	3.3916	7.6319	3.8712	4.3214	3.6241	5.5199	5.7940	3.4713	5.1325

% std error (20) (k,j):
% 12.3140	11.1608	15.1350	14.5798	15.6952	16.0405	17.8661	16.8899	16.1844	16.6956	17.9859	14.7724	15.6859	17.1482	16.7405	14.9561	19.7868	17.1827	17.9600	18.4239	9.5174	8.9595	6.9282	11.9230	11.3963	12.3338	11.0148	16.1976	22.6334	15.8337	13.9656	14.2548	14.3001	18.4614	16.3688	16.6479	17.0429	14.1953	15.1697	16.9390	9.3555	5.1175	6.9762	3.6890	10.0056	10.7552	16.1005	12.5742	8.2729	11.9400	13.7942	16.0172	16.8354	15.8705	16.6693	15.0939	28.9021	12.8514	14.8580	15.4094	5.1344	7.8204	7.7685	8.3540	4.2868	7.5770	13.6250	12.9052	15.3686	12.6121	13.0514	15.8641	16.6963	11.4528	13.3636	16.6378	14.6531	13.8401	16.3100	16.7167	9.3601	6.9569	4.8975	8.5982	11.1639	6.1398	11.7299	15.2356	12.8151	10.2119	14.9837	6.9427	14.0828	13.1554	12.2650	14.9912	14.3074	10.5432	11.1964	14.5176	9.6802	3.6931	3.9824	5.6486	5.0906	7.6701	10.3347	11.4444	10.6895	15.9979	12.9367	9.6130	11.6772	12.3049	14.4492	16.0571	13.6380	16.7528	15.1793	11.6015	34.6017	6.9582	3.8816	4.8697	7.6889	7.6657	7.6404	10.6079	12.3631	12.9616	9.7707	14.6906	10.9056	13.2319	11.3643	22.5672	12.1158	14.0742	19.1370	13.4299	8.3661	6.7848	3.9939	3.8830	7.6152	2.5867	5.3957	7.8824	12.9106	12.3589	14.6203	10.1700	9.9964	14.3381	13.2733	13.2524	10.4176	12.9080	14.0933	15.8942	8.7556	5.6585	3.6531	6.5228	5.4560	1.3200	8.0787	12.1319	4.4523	8.4446	12.0167	14.2090	13.5606	12.3087	9.9807	11.4260	13.9449	14.1395	1.7053	10.3971	10.3034	4.9040	5.6490	3.3938	3.2404	7.9406	3.3383	7.7348	8.1380	4.1072	9.4247	9.3391	12.1798	3.1433	14.0477	10.8147	13.5711	9.5798	9.3219	11.6866	9.7302	6.2826	3.8201	2.8979	20.1352	5.9909	9.5260	7.6037	7.5144	10.3979	12.3131	5.6205	9.2494	9.6345	14.5549	10.0536	12.8326	12.5246	5.5681	8.7215	9.8058	8.1094	3.7363	3.7032	3.6424	3.0604	2.6153	5.3558	8.9365	11.3136	5.2736	10.5977	9.8512	9.0446	11.6714	9.9510	6.2056	6.7303	6.9336	7.9486	10.4012	5.8436	4.4013	2.0830	1.8561	2.7040	1.6205	6.8042	8.4042	1.7022	9.9269	5.6473	6.6639	6.1285	10.1747	7.3016	5.3885	14.1952	10.3997	13.3154	10.3255	7.4751	3.5203	3.1568	1.6915	1.4961	2.5564	10.9951	5.8739	5.6912	5.9699	7.0147	10.3979	5.5971	7.4423	6.0157	13.1264	5.8353	7.9060	8.2506	11.7210	4.9121	2.9211	2.3191	2.0112	2.3482	3.1028	4.5999	3.3285	10.9509	4.3366	7.9531	2.1919	6.4468	6.5209	8.0250	6.9032	5.9146	6.8537	9.6458	11.3237	5.2538	3.0588	2.6832	1.7506	1.5251	5.9561	5.0211	1.2971	1.5083	6.7243	7.4839	6.5354	6.3089	1.9680	7.1663	7.4955	3.7656	11.8074	6.9344	10.1175	5.3307	3.6964	2.7942	1.9362	1.6078	1.1120	6.3617	3.4286	9.3958	1.5091	5.0693	4.8568	7.1992	5.6494	5.7409	2.6840	9.3465	3.4395	7.5430	12.1021	5.7511	4.5922	1.5973	1.8858	1.1855	1.3860	2.8570	1.8269	4.9642	1.9520	1.6307	7.9902	4.8204	5.7910	6.5525	1.3337	8.5657	2.2547	5.1003	9.9712	6.5951	4.1473	4.3307	1.9090	2.3696	1.9627	1.6177	1.2922	3.3517	1.6549	2.4601	7.0243	8.1632	5.7345	2.6082	5.0901	7.9967	1.0333	11.1009	11.3230	6.3238	5.4547	2.0403	1.1448	1.3858	1.7934	2.8914	1.8756	5.9959	1.3878	0.9596	11.4120	1.8078	5.1692	1.4371	8.1575	7.4149	1.9133	5.3044

